3 0.672273 0.673035 0.141766 0.388753
3 0.429844 0.796024 0.198406 0.407953
3 0.202766 0.755424 0.138375 0.294141
3 0.927234 0.557988 0.135281 0.312776
1 0.373555 0.417541 0.026359 0.038047
1 0.400648 0.391906 0.023859 0.032612
1 0.401406 0.424329 0.026719 0.029929
1 0.505578 0.353647 0.013781 0.042259
1 0.015938 0.387894 0.012313 0.031176
3 0.386930 0.274918 0.038641 0.075435
3 0.296094 0.258635 0.040906 0.035435
3 0.822727 0.476176 0.061828 0.265482
3 0.193367 0.296918 0.051516 0.096941
3 0.766531 0.358906 0.050219 0.154800
1 0.026258 0.384153 0.013672 0.028824
1 0.336484 0.224812 0.011906 0.017341
3 0.252867 0.304200 0.044453 0.123365
3 0.122438 0.282176 0.039594 0.057529
3 0.440156 0.295412 0.039250 0.121741
3 0.748633 0.328706 0.035984 0.125976
3 0.530469 0.272941 0.060937 0.061176