5 0.716890 0.423604 0.062860 0.150571
5 0.679370 0.763949 0.032940 0.220871
5 0.739880 0.781862 0.030480 0.211952
5 0.676190 0.432613 0.026940 0.138258
5 0.729740 0.761111 0.080000 0.252973
5 0.902840 0.795045 0.023160 0.255916
5 0.864330 0.793919 0.026340 0.251021
5 0.601800 0.439775 0.018800 0.132823
5 0.947640 0.797327 0.066160 0.266847
5 0.958150 0.393453 0.014620 0.175556
5 0.593990 0.757072 0.036180 0.186456
5 0.616660 0.759745 0.020040 0.203514
5 0.766290 0.785090 0.029340 0.215826
5 0.764000 0.575075 0.468000 0.843844