2 0.252812 0.738208 0.320219 0.271917
5 0.388016 0.200365 0.016688 0.085979
5 0.339063 0.394323 0.043188 0.065437
5 0.464273 0.166271 0.030672 0.076792
5 0.375000 0.046167 0.023656 0.092333
5 0.416531 0.034146 0.007969 0.068292
5 0.404156 0.201521 0.006375 0.067708
5 0.351023 0.218135 0.012297 0.084312
5 0.365953 0.211073 0.011000 0.084104
5 0.443570 0.164250 0.008016 0.075417
5 0.417812 0.196573 0.008000 0.098812
5 0.378430 0.206208 0.008203 0.079750
5 0.372609 0.207677 0.007312 0.081479
5 0.429602 0.181281 0.007266 0.088771