1 0.839766 0.840427 0.095625 0.170021
2 0.311953 0.558865 0.137750 0.229896
1 0.358633 0.650531 0.070078 0.099104
1 0.209867 0.501667 0.036578 0.058042
1 0.512344 0.518594 0.034656 0.052979
2 0.156312 0.473656 0.126656 0.142646
2 0.908023 0.634594 0.183953 0.240104
2 0.589727 0.509729 0.137172 0.107458
1 0.192875 0.531604 0.041469 0.077292
3 0.762258 0.511271 0.154547 0.138375
3 0.441070 0.441406 0.032484 0.099396
3 0.058922 0.893354 0.117156 0.201625
3 0.187688 0.966156 0.205594 0.067687
2 0.551820 0.747708 0.380828 0.411917