4 0.127220 0.670781 0.176600 0.658438
3 0.569320 0.848393 0.362360 0.286036
3 0.914860 0.862087 0.166840 0.254805
5 0.208780 0.158423 0.199040 0.114625
5 0.159170 0.525435 0.012700 0.084324
5 0.180070 0.271246 0.149500 0.108619
5 0.199180 0.522327 0.012680 0.091081
4 0.094410 0.545120 0.188580 0.661231
4 0.922160 0.582973 0.155680 0.335976
5 0.895520 0.299910 0.020960 0.095616
5 0.777580 0.295195 0.008200 0.099520
5 0.777470 0.415315 0.017340 0.076997
5 0.169890 0.526156 0.011820 0.080060
5 0.864770 0.522207 0.014580 0.084354
5 0.182820 0.521066 0.008160 0.089279
5 0.788110 0.196081 0.007620 0.070541
3 0.107930 0.927838 0.215860 0.144324
5 0.258140 0.396562 0.013040 0.085435
5 0.202810 0.400450 0.191020 0.095616