2 0.792937 0.581350 0.224031 0.250352
5 0.186555 0.555646 0.028047 0.150915
5 0.178734 0.665763 0.157344 0.082277
5 0.175719 0.751549 0.193469 0.129577
5 0.213570 0.543568 0.031641 0.172817
5 0.200156 0.541221 0.028437 0.180563
5 0.111680 0.555751 0.025797 0.168873
5 0.164453 0.552077 0.024250 0.175376
5 0.232367 0.540129 0.048172 0.196737
5 0.256977 0.550505 0.017422 0.173920
5 0.261781 0.524284 0.044312 0.223075
5 0.119734 0.548850 0.034250 0.179014
5 0.131484 0.542829 0.048125 0.181385
5 0.169719 0.540516 0.038156 0.186056