3 0.688797 0.557833 0.231375 0.252375
3 0.380430 0.446042 0.100047 0.118792
3 0.137266 0.690979 0.270562 0.405833
3 0.791297 0.373448 0.046719 0.083604
3 0.654359 0.434229 0.130875 0.152125
3 0.429547 0.362781 0.093000 0.067104
3 0.700609 0.599323 0.049625 0.041104
4 0.440695 0.322010 0.051234 0.126229
4 0.564609 0.370010 0.040656 0.114229
3 0.123766 0.847073 0.092719 0.069646
3 0.389820 0.397115 0.098734 0.107896
3 0.767531 0.824042 0.141688 0.145083
3 0.333555 0.491927 0.203641 0.173062
3 0.446297 0.432812 0.044344 0.074042
3 0.639062 0.360417 0.165625 0.137500