4 0.350852 0.662017 0.208609 0.409876
1 0.532047 0.779369 0.050250 0.088045
1 0.487812 0.743366 0.041375 0.112426
1 0.258195 0.772178 0.040891 0.105941
1 0.148078 0.790978 0.026500 0.053985
1 0.168695 0.776300 0.022359 0.048540
1 0.214414 0.790347 0.026297 0.050446
5 0.074367 0.039505 0.062078 0.014901
1 0.190992 0.782327 0.023547 0.053168
1 0.229344 0.772599 0.023688 0.047871
1 0.100023 0.781807 0.024953 0.047079
1 0.122047 0.766522 0.024938 0.047995
5 0.482945 0.473354 0.069703 0.043589
5 0.084547 0.035495 0.056969 0.012327