3 0.785053 0.525660 0.219280 0.262200
3 0.254987 0.432150 0.072853 0.068860
3 0.242360 0.433140 0.126053 0.140440
3 0.177587 0.352330 0.050480 0.038260
3 0.237387 0.328930 0.059840 0.066180
3 0.738653 0.342020 0.083707 0.080720
3 0.721240 0.385820 0.068827 0.043240
4 0.159773 0.258980 0.092347 0.099400
4 0.932493 0.247980 0.107440 0.094760
3 0.397080 0.321690 0.051227 0.045260
3 0.453853 0.285950 0.021467 0.014380
3 0.217507 0.412600 0.061040 0.090040
3 0.886013 0.329400 0.052773 0.062200
3 0.258027 0.529400 0.125547 0.209800
3 0.852507 0.378260 0.042987 0.046760
3 0.732000 0.294000 0.200000 0.080000