3 0.523267 0.509297 0.069351 0.048906
3 0.243489 0.503367 0.059161 0.040453
3 0.176788 0.502875 0.073228 0.039563
3 0.256353 0.555375 0.067991 0.047469
3 0.197532 0.554008 0.044177 0.038203
3 0.148608 0.369742 0.043449 0.044578
3 0.137136 0.323297 0.042057 0.033344
3 0.536646 0.557031 0.048354 0.047750
3 0.096574 0.518117 0.020839 0.010672
3 0.024351 0.406305 0.048703 0.035766
3 0.141828 0.407594 0.045997 0.032438
3 0.167081 0.554203 0.022547 0.039844
3 0.229604 0.473555 0.064652 0.075172
3 0.423259 0.342187 0.542722 0.462500