3 0.759770 0.493560 0.040580 0.221307
3 0.895790 0.951693 0.203940 0.074160
3 0.781660 0.492160 0.038800 0.250133
1 0.624070 0.476040 0.072460 0.130533
1 0.384190 0.571187 0.091260 0.116347
2 0.641210 0.570760 0.275340 0.224613
5 0.486600 0.765573 0.307560 0.189440
3 0.182380 0.448293 0.062120 0.105173
2 0.339600 0.511240 0.176960 0.159547
2 0.373870 0.396533 0.105460 0.143573
2 0.455080 0.374440 0.103920 0.103920
2 0.412210 0.437293 0.038500 0.092987
2 0.540500 0.389920 0.102000 0.125120
3 0.112990 0.858440 0.218180 0.283120