3 0.243969 0.460130 0.078750 0.150967
3 0.313719 0.403101 0.089906 0.110401
3 0.183148 0.408738 0.057234 0.066958
3 0.361484 0.388019 0.028594 0.019764
5 0.244148 0.111450 0.017516 0.047429
5 0.294656 0.160967 0.005219 0.042406
5 0.326922 0.157795 0.024156 0.047712
5 0.274969 0.162264 0.007125 0.043066
5 0.301195 0.160200 0.007047 0.042524
5 0.306398 0.163090 0.005953 0.046368
5 0.321914 0.095495 0.005516 0.045755
5 0.948484 0.396733 0.037687 0.098467
5 0.250289 0.224988 0.026359 0.058514
5 0.313031 0.160024 0.006781 0.046698
5 0.247203 0.164186 0.026125 0.042665
5 0.977773 0.403373 0.038391 0.103255
3 0.308820 0.447535 0.033047 0.101863
5 0.923797 0.397111 0.030031 0.098797
5 0.600781 0.392689 0.764062 0.662736