1 0.688430 0.821844 0.062453 0.087104
2 0.127250 0.743448 0.254500 0.292146
5 0.916680 0.696479 0.069828 0.064875
5 0.918961 0.827188 0.088078 0.051625
5 0.271813 0.486365 0.021406 0.142187
5 0.211898 0.474979 0.019297 0.116750
5 0.238758 0.479885 0.022766 0.125312
5 0.806773 0.872042 0.064047 0.043292
5 0.224852 0.477896 0.017047 0.112458
5 0.261359 0.476292 0.022375 0.143958
5 0.299680 0.677833 0.011203 0.071750
5 0.286438 0.676521 0.010375 0.062417
5 0.941766 0.811885 0.103625 0.052562
5 0.250820 0.661073 0.053172 0.114479
5 0.890672 0.976083 0.115000 0.047833
5 0.594531 0.780208 0.807813 0.435417