1 0.452047 0.631187 0.007437 0.014908
3 0.686156 0.922373 0.074063 0.109217
3 0.609258 0.933203 0.078547 0.083871
3 0.466039 0.937051 0.083297 0.079493
3 0.109211 0.905023 0.110453 0.144378
3 0.790000 0.891290 0.056188 0.160691
3 0.973078 0.730841 0.021000 0.054217
3 0.578023 0.647062 0.030297 0.035599
3 0.604672 0.622051 0.029750 0.068571
3 0.626672 0.648537 0.028687 0.031728
3 0.855883 0.800876 0.045297 0.098203
3 0.369492 0.919378 0.089234 0.119217
3 0.924523 0.805530 0.068266 0.129770
3 0.427781 0.872903 0.039156 0.162028
3 0.527344 0.664747 0.589063 0.168203