4 0.837812 0.395935 0.046594 0.146075
3 0.049828 0.616086 0.099656 0.239743
3 0.123250 0.503621 0.034219 0.070047
3 0.130141 0.487079 0.044406 0.074019
5 0.210969 0.365187 0.012188 0.047290
5 0.176508 0.361379 0.028672 0.020187
5 0.179281 0.310993 0.006031 0.040444
5 0.195766 0.320000 0.015063 0.023832
4 0.446680 0.386857 0.017734 0.122593
5 0.225789 0.360666 0.009172 0.047687
5 0.203234 0.366951 0.005719 0.039229
5 0.183242 0.369019 0.017766 0.047009
5 0.199992 0.485736 0.009422 0.041145
5 0.228617 0.473925 0.014641 0.040561
5 0.180609 0.495993 0.005406 0.036192
5 0.178906 0.490678 0.023062 0.048551
5 0.210055 0.424054 0.015422 0.060678
5 0.169977 0.438598 0.009766 0.055187
5 0.336719 0.442757 0.382812 0.310748